 30 0.999211
 31 0.999165
 32 0.999149
 33 0.999114
 34 0.999024
 35 0.998947
 36 0.998901
 37 0.998799
 38 0.998657
 39 0.998630
 40 0.998568
 41 0.998435
 42 0.998260
 43 0.998054
 44 0.998035
 45 0.997877
 46 0.997673
 47 0.997467
 48 0.997219
 49 0.996990
 50 0.996618
 51 0.996305
 52 0.995931
 53 0.995450
 54 0.995051
 55 0.994579
 56 0.993940
 57 0.993274
 58 0.992670
 59 0.992001
 60 0.991052
 61 0.989982
 62 0.988753
 63 0.987281
 64 0.985997
 65 0.984622
 66 0.982817
 67 0.981144
 68 0.979239
 69 0.977255
 70 0.975009
 71 0.972357
 72 0.969607
 73 0.965957
 74 0.961776
 75 0.957880
 76 0.953813
 77 0.947513
 78 0.940975
 79 0.935494
 80 0.928422
 81 0.920564
 82 0.912375
 83 0.903357
 84 0.892969
 85 0.881471
 86 0.868933
 87 0.856762
 88 0.844683
 89 0.830893
 90 0.816646
 91 0.799590
 92 0.781769
 93 0.765098
 94 0.747834
 95 0.729975
 96 0.711439
 97 0.692488
 98 0.672955
 99 0.652551
100 0.631424
101 0.609625
102 0.587644
103 0.564442
104 0.537381
105 0.512070
106 0.334297
107 0.156524
108 0.000000
